-1.8,
-1.8,
-1.8,
-1.8,
-1.8,
-1.8,
-1.8,
-6.7,
-6.7,
-1.8,
-1.8,
-1.8,
-1.8,
-1.8,
-1.8,
-1.8,
-1.8,
-1.8,
-1.8,
-1.8,
-1.8,
-1.8,
-1.8,
-1.8,
-1.8,
-1.8,
-1.8,
-1.8,
-6.7,
-1.8,
-1.8,
-1.8,
-1.8,
-4.5,
-6.9,
-6.9,
-6.9,
-6.9,
-6.9,
-6.9,
-6.9,
-1.7763568394e-15,
-6.9,
-6.9,
-6.9,
-6.9,
-6.9,
-6.9,
-6.9,
-6.9,
-6.9,
-6.9,
-6.9,
-6.9,
-6.9,
-6.9,
-0.8,
-6.9,
-6.1,
-6.9,
-6.9,
-6.9,
-6.9,
-6.9,
-6.9,
-6.9,
-6.9,
-6.9,
-6.9,
-6.9,
-6.9,
-6.9,
-6.9,
1.0,
-6.9,
-6.9,
-6.9,
-6.9,
-6.9,
-1.7763568394e-15,
-6.9,
-6.9,
-0.8,
-0.2,
-6.9,
1.0,
-6.9,
-6.9,
-6.9,
-6.9,
-0.4,
-6.9,
-6.9,
-6.9,
-6.9,
-6.9,
-6.9,
-6.9,
-6.9,
-6.9,
-6.9,
-6.9,
-0.2,
-6.9,
-6.9,
-4.7,
-6.9,
1.0,
-6.9,
-0.2,
-6.9,
-0.8,
-6.9,
-6.9,
-6.9,
-6.9,
-6.9,
-6.9,
1.0,
-6.9,
-1.7763568394e-15,
-6.9,
-0.4,
-6.9,
-6.9,
1.0,
-0.6,
-6.9,
1.0,
-6.9,
-6.9,
-6.9,
-6.9,
-0.6,
-6.9,
-1.7763568394e-15,
-6.9,
-6.9,
-6.9,
1.0,
-6.9,
-6.9,
1.0,
-1.7763568394e-15,
-6.9,
-1.7763568394e-15,
-0.8,
-6.9,
-6.9,
-1.8,
-1.8,
-1.8,
-1.6,
-6.7,
-6.7,
-1.8,
-1.8,
-6.7,
-1.8,
-6.7,
-6.7,
-6.7,
-6.7,
-6.7,
-6.7,
-6.7,
-1.8,
-6.7,
-1.8,
-1.8,
-1.6,
-1.8,
-1.8,
-1.8,
-6.7,
-1.8,
-1.8,
-6.7,
-1.8,
-1.6,
-1.6,
-1.8,
-6.7,
-6.7,
-6.7,
-1.8,
-6.7,
-1.8,
-6.7,
-1.8,
-6.7,
-1.8,
-1.8,
-6.7,
-6.7,
-1.8,
-6.7,
-6.7,
-6.7,
-6.7,
-6.7,
-1.8,
-6.7,
-1.8,
-1.8,
-1.6,
-6.7,
-1.8,
-1.8,
-1.6,
-6.7,
-6.7,
-1.6,
-6.7,
-6.7,
-1.6,
-1.8,
-6.7,
-1.8,
-6.7,
-6.7,
-6.7,
-1.8,
-1.8,
-1.8,
-6.7,
-1.8,
-1.8,
-6.7,
-6.7,
-6.7,
-1.6,
-6.7,
-6.7,
-6.7,
-1.8,
-1.8,
-1.8,
-6.7,
-6.7,
-1.8,
-1.8,
-6.7,
-6.7,
-1.6,
-6.5,
-6.7,
-6.5,
-1.4,
-4.9,
-6.7,
0.8,
-1.4,
-6.7,
-5.9,
-1.4,
-1.4,
-6.7,
-6.7,
-1.4,
-6.7,
-6.7,
-6.7,
-6.7,
-5.9,
-6.5,
-0.8,
-6.7,
-6.7,
-6.7,
-5.5,
-6.5,
-6.7,
1.0,
1.2,
1.0,
-6.9,
-6.9,
-6.9,
-1.7763568394e-15,
-3.9,
1.0,
2.7,
-5.1,
1.0,
-6.9,
-6.1,
-6.9,
1.0,
-6.9,
1.0,
-1.7763568394e-15,
1.0,
5.5,
1.0,
1.0,
1.0,
-6.9,
1.0,
-6.1,
1.0,
-6.9,
-6.9,
-6.9,
-6.9,
-6.9,
3.3,
-6.9,
-0.6,
-6.9,
1.0,
1.0,
1.0,
1.0,
0.8,
1.0,
1.0,
1.0,
1.0,
1.0,
5.5,
1.0,
1.0,
2.7,
1.0,
-6.1,
1.0,
1.0,
5.5,
1.0,
-4.7,
-1.2,
-6.7,
-6.7,
-6.7,
-6.7,
-6.7,
-6.7,
-6.7,
-6.7,
-6.7,
-6.7,
-1.8,
-6.5,
-6.5,
-6.7,
-6.7,
-6.7,
-6.7,
-1.6,
-6.7,
-6.7,
-6.7,
-6.7,
-6.7,
-6.7,
-6.7,
-1.8,
-6.7,
-1.8,
-6.7,
-1.8,
-1.6,
-0.6,
-1.4,
-1.4,
-6.5,
-1.2,
-1.4,
-6.5,
-1.4,
-5.9,
0.2,
-5.9,
-1.6,
-1.6,
-6.5,
-1.6,
-6.5,
-6.7,
-5.7,
-6.5,
-1.6,
-5.9,
-1.4,
-6.5,
-1.6,
-6.5,
-5.9,
-6.7,
-1.4,
-1.4,
-0.8,
-1.6,
-1.2,
-1.6,
-1.6,
-1.4,
-6.7,
-1.6,
-6.7,
-1.6,
-6.5,
-5.9,
-6.5,
-0.4,
-1.6,
-1.4,
-1.4,
-0.8,
-5.7,
-6.7,
-6.3,
-1.4,
-1.6,
-6.7,
-1.6,
-6.5,
-1.6,
-1.4,
-1.8,
-6.7,
-6.7,
-6.7,
-6.7,
-6.7,
-6.7,
-6.7,
-1.6,
-6.7,
-6.7,
-6.7,
-1.8,
-1.6,
-6.7,
-1.8,
-6.7,
-1.8,
-1.6,
-6.7,
-6.7,
-1.6,
-1.4,
-1.6,
-1.6,
-6.5,
-1.6,
-1.6,
-6.7,
-1.8,
-6.7,
-6.7,
-6.7,
-1.6,
-6.7,
-6.7,
-6.7,
-1.6,
-6.7,
-1.6,
-1.6,
-6.7,
-1.6,
-6.7,
-6.7,
-6.7,
-6.7,
-6.5,
-1.6,
-6.7,
-6.7,
-6.7,
-1.8,
-1.6,
-1.6,
-6.7,
-1.6,
-6.7,
-6.7,
-6.7,
-6.7,
-1.8,
-6.7,
-1.8,
-6.7,
-6.7,
-1.6,
-6.7,
-1.6,
-6.7,
-6.7,
-6.7,
-1.4,
-6.7,
-6.7,
-1.6,
-6.7,
-6.7,
-6.7,
-1.8,
-1.8,
-6.7,
-6.5,
-1.4,
-6.7,
-6.5,
-6.7,
-6.7,
-6.7,
-6.7,
-1.6,
-1.8,
-6.7,
-6.7,
-1.6,
-6.3,
-6.5,
-1.6,
-6.7,
-6.7,
-0.8,
-1.6,
-6.5,
-6.7,
-6.5,
-6.7,
-1.4,
-6.5,
-6.7,
-6.7,
-1.6,
-1.4,
-6.7,
-6.7,
-6.5,
-1.4,
-6.5,
-6.7,
-1.4,
-1.2,
-1.6,
-1.6,
-6.7,
-0.4,
0.2,
-1.7763568394e-15,
1.0,
1.0,
-0.8,
1.0,
1.0,
1.0,
1.0,
-5.7,
-0.2,
-4.7,
-4.3,
-4.7,
0.4,
1.0,
-0.2,
-4.9,
-6.1,
1.0,
1.0,
1.0,
5.5,
-3.9,
-2.6,
-2.0,
1.0,
1.0,
1.0,
-4.3,
1.0,
-5.7,
1.0,
1.0,
1.0,
1.0,
1.0,
1.0,
5.5,
1.0,
1.0,
1.0,
1.0,
1.0,
1.0,
1.0,
-4.1,
-2.2,
1.0,
1.0,
1.0,
1.0,
-2.0,
1.0,
-2.4,
1.0,
1.2,
5.5,
1.0,
1.0,
1.0,
-6.9,
-6.9,
-1.2,
-5.9,
1.0,
1.0,
1.0,
2.5,
3.5,
1.0,
1.0,
-3.7,
-4.5,
0.2,
1.0,
1.0,
1.0,
-2.2,
0.2,
-6.1,
-0.2,
-1.7763568394e-15,
1.0,
1.0,
1.0,
-0.2,
-6.1,
-5.1,
-6.1,
-1.0,
-6.5,
-0.6,
-0.2,
-5.9,
-4.5,
-5.3,
-5.5,
-5.9,
-0.8,
-0.8,
-0.2,
-4.1,
-5.3,
0.4,
-6.1,
0.4,
-0.8,
-6.3,
-0.4,
-0.8,
-1.0,
-1.6,
-6.7,
-1.4,
-1.6,
-6.5,
-1.6,
-6.7,
-6.5,
-1.8,
-1.8,
-6.7,
-6.7,
-1.4,
-6.5,
-6.7,
-1.4,
-1.4,
-6.5,
-1.6,
-1.4,
-6.7,
-6.5,
-6.5,
-1.6,
-1.6,
-6.5,
-5.7,
-6.1,
-6.1,
-1.6,
-1.4,
-6.3,
-6.5,
-1.6,
-1.6,
-1.8,
-6.7,
-1.6,
1.0,
-6.7,
-6.7,
-6.7,
-6.7,
-6.7,
-6.5,
-6.7,
-1.6,
-5.9,
-1.0,
-1.4,
-6.5,
-6.5,
-6.7,
-6.5,
-6.3,
-6.7,
-6.1,
-6.7,
-1.6,
-6.7,
-6.7,
-6.5,
-6.5,
-1.6,
-6.7,
-6.5,
-6.7,
-6.5,
-1.4,
-1.2,
-6.7,
-6.7,
-1.6,
-6.7,
-6.7,
-6.7,
-1.2,
-6.5,
-1.2,
-6.3,
-1.6,
-1.6,
-6.5,
-6.5,
-6.3,
-5.7,
-1.2,
-1.6,
-1.2,
-1.2,
-1.6,
-1.6,
-6.5,
-1.4,
-6.5,
-1.2,
-6.7,
-6.5,
-1.6,
-1.6,
-1.6,
-1.4,
-1.2,
-1.4,
-6.7,
-6.7,
-6.5,
-6.7,
-6.1,
-1.4,
-1.6,
-6.3,
-1.4,
-1.2,
-6.7,
-6.7,
-1.2,
-1.4,
-6.3,
-6.7,
-1.6,
-6.1,
-6.5,
-1.6,
-1.6,
-1.8,
-6.5,
-1.4,
-1.4,
-6.1,
-1.8,
-1.6,
-1.4,
-6.3,
-6.7,
-6.5,
-1.2,
-6.3,
-6.7,
-6.5,
-6.7,
-1.6,
-6.5,
-1.6,
-6.5,
-6.5,
-6.7,
-6.7,
-1.6,
-6.7,
-1.4,
-6.5,
-6.7,
-1.4,
-1.6,
-6.7,
-6.5,
-1.6,
-1.6,
-1.4,
-6.5,
-6.5,
-6.5,
-5.9,
-1.6,
-1.6,
-6.5,
-1.6,
-6.7,
-6.5,
-1.4,
-1.6,
-1.4,
-6.7,
-1.6,
-6.5,
-6.5,
-6.5,
-6.5,
-6.1,
-1.6,
-1.6,
-1.6,
-1.0,
-6.1,
-6.7,
-1.4,
-6.7,
-1.4,
-6.1,
-1.4,
-6.5,
-1.4,
-6.3,
-6.7,
-6.5,
-6.5,
-6.3,
-1.2,
-6.5,
-6.5,
-1.6,
-1.6,
-6.3,
-6.7,
-6.5,
-6.7,
-6.5,
-6.7,
-6.7,
-6.7,
-5.9,
-6.5,
-1.4,
-1.6,
-5.3,
-6.7,
-1.2,
-6.5,
-6.1,
-6.3,
-6.1,
-1.4,
-6.3,
-1.6,
-1.4,
-1.2,
-1.4,
-6.3,
-1.0,
-1.6,
-6.5,
-6.5,
-1.4,
-1.4,
-1.2,
-1.4,
-6.5,
-0.6,
-0.6,
-6.7,
-6.7,
-1.6,
-0.4,
-5.9,
-1.2,
-6.7,
-0.8,
-6.7,
-6.1,
-5.9,
-5.7,
-6.5,
-1.4,
-1.6,
-6.5,
-6.3,
-1.4,
-5.5,
-1.6,
-6.5,
-6.7,
-0.4,
1.0,
-5.3,
-4.7,
-1.4,
1.0,
-5.3,
-0.8,
-1.7763568394e-15,
-5.7,
0.4,
1.0,
-1.2,
1.0,
-0.6,
-5.3,
-6.1,
-0.6,
0.8,
-4.9,
-4.1,
-5.7,
-5.7,
0.4,
1.0,
-0.6,
0.2,
-5.5,
-4.7,
1.0,
-1.0,
-4.3,
-0.8,
-0.8,
-6.5,
-0.8,
1.0,
-0.6,
-4.3,
-5.7,
-6.3,
-0.6,
-5.3,
0.2,
-1.0,
-1.2,
-6.1,
-1.0,
-4.7,
1.0,
0.4,
-0.2,
-5.7,
0.6,
1.0,
-1.7763568394e-15,
-6.3,
1.0,
-6.1,
-1.7763568394e-15,
-1.7763568394e-15,
-0.2,
-0.8,
-5.9,
-4.9,
-1.0,
-4.9,
-1.7763568394e-15,
-5.5,
-5.7,
-0.4,
-1.7763568394e-15,
-6.1,
-1.2,
-6.1,
1.0,
-5.7,
-5.3,
-1.2,
1.0,
-0.6,
-5.7,
-5.5,
1.0,
-5.9,
-1.2,
-6.1,
-1.7763568394e-15,
1.0,
-6.3,
-0.4,
-0.8,
-0.2,
-1.4,
-5.1,
-1.2,
0.8,
-0.2,
1.0,
0.6,
-6.3,
-5.3,
-1.7763568394e-15,
0.2,
-1.0,
-1.7763568394e-15,
0.4,
-6.1,
-6.1,
-6.3,
-0.6,
-4.5,
-5.5,
-1.0,
-1.6,
1.0,
-0.8,
-1.7763568394e-15,
-5.7,
-6.3,
-6.9,
1.0,
-5.7,
-5.9,
0.2,
-6.5,
-5.5,
1.0,
1.0,
-1.4,
1.0,
-5.7,
-6.3,
-4.9,
-6.5,
-6.1,
-5.3,
1.0,
-4.9,
-0.8,
-5.9,
-4.1,
-0.4,
-4.9,
-6.1,
-0.8,
-6.3,
-6.5,
-6.1,
-1.7763568394e-15,
0.6,
-4.1,
-1.0,
0.2,
-0.2,
-4.7,
-5.5,
-5.9,
-1.7763568394e-15,
1.0,
-6.1,
-5.1,
-2.2,
-6.3,
-6.5,
1.0,
-5.7,
1.0,
-4.7,
-5.9,
-0.8,
-4.9,
-1.2,
-0.8,
-6.1,
-5.9,
1.0,
-5.5,
-1.0,
-5.9,
-1.2,
-5.5,
-0.8,
1.0,
-0.6,
-5.3,
-1.0,
0.4,
-6.3,
0.6,
0.4,
-1.4,
-5.7,
-1.7763568394e-15,
-1.0,
-5.5,
0.6,
-1.2,
-6.5,
-0.2,
1.0,
-1.4,
-1.2,
-0.8,
-6.3,
-1.0,
-0.8,
-1.0,
-5.9,
-0.6,
-1.4,
-4.7,
-4.5,
1.0,
-0.8,
0.2,
-6.1,
1.0,
-5.1,
-5.9,
-0.8,
-5.7,
-0.2,
1.0,
-1.0,
1.0,
-6.1,
-6.3,
-1.6,
-4.5,
-0.8,
-5.7,
-6.1,
-1.0,
-0.8,
-1.4,
1.0,
-1.4,
-6.1,
-5.9,
-0.4,
-5.7,
1.0,
-1.2,
-6.3,
-5.5,
-1.4,
0.2,
-0.2,
-5.5,
-5.9,
-0.2,
-1.2,
-5.7,
-1.2,
0.8,
0.6,
-5.5,
-1.0,
-5.7,
-6.1,
-5.9,
-5.9,
-1.2,
1.0,
-0.8,
-0.8,
1.0,
0.2,
-0.8,
-4.9,
-5.7,
-6.3,
-5.7,
-5.1,
-5.9,
-4.9,
-4.7,
